,year,poverty_percent,unemployment_rate,pop_density_sq_mile,pop_log,crime_rate
0,2010,12.5,8.4,1.2514803527962415,13.478842702210887,6234.2994289683065
2,2010,17.2,11.1,94.48911047487412,15.381080382910639,7411.374720739182
4,2010,15.3,7.9,56.146593638896896,14.887637862035907,7565.40621059506
6,2010,18.8,10.6,56.456837509023366,15.673862375282672,7452.5062379564015
8,2010,16.3,12.6,239.6869796314009,17.435527435673915,5676.974555654775
10,2010,12.3,8.8,48.703151232125975,15.434441667078666,5628.532802714587
12,2010,8.6,9.5,738.4341181330029,15.089615025108104,4642.877719411394
14,2010,19.5,10.5,9916.590163934427,13.312838271887985,10818.598407702277
16,2010,12.2,9.1,461.6685479733197,13.709918904485049,7494.843252662838
18,2010,16.0,10.9,351.30280652680653,16.751419204444872,7615.560657252208
20,2010,18.8,10.8,168.86889920539704,16.088888957719124,7659.0504045599755
22,2010,12.4,6.9,212.26202709014478,14.125462065579528,6935.81074390531
24,2010,10.3,6.5,54.607336591653684,14.930718375898714,4746.833160557891
26,2010,13.8,9.1,19.010708710961605,14.267287841928322,4188.334048330407
28,2010,14.1,11.4,231.30784055908788,16.368230049945105,5857.305493389648
30,2010,16.3,10.7,181.1707140065874,15.685868923841404,6436.532585012654
32,2010,14.5,7.2,34.97037635000428,14.866032487542249,6563.994875387485
34,2010,17.7,10.9,110.09529959985818,15.285047808402094,5325.3766829996985
36,2010,21.5,7.1,105.20653180261087,15.329613750292939,7817.781848366559
38,2010,10.9,8.5,840.4443589743589,15.695809763423512,5155.163645116914
40,2010,10.9,8.1,596.031832698053,15.570896629918485,6516.035018176771
42,2010,12.6,8.7,43.03663716240314,14.098716879168034,5049.951822350662
44,2010,15.7,13.2,174.6961035745238,16.105733857865847,5942.6293615471595
46,2010,10.8,7.8,66.6941866452334,15.485226302678504,5339.809115932527
48,2010,15.0,9.7,87.22054930028222,15.606555605387166,7133.611254037258
50,2010,22.5,10.5,63.29672015855764,14.904096752909282,6203.890006706908
52,2010,14.5,7.5,6.808555370810603,13.806427430981111,5370.459696576444
54,2010,17.4,11.2,196.6398041877494,16.073122761715474,7228.703816245502
56,2010,12.6,3.9,9.777090187098738,13.421918189123303,3753.6186555869967
58,2010,10.2,4.9,23.82251640112465,14.419903571029796,5577.329834149391
60,2010,6.5,6.7,147.07997319334302,14.090720424808188,4575.6895277743815
62,2010,11.1,10.0,1196.572341582812,15.990216028378871,4456.547024390788
64,2010,18.3,7.8,17.031715279724317,14.541082817416875,7393.341345932767
66,2010,16.6,13.5,24.633433836456216,14.810347370431854,6174.353793593348
68,2010,16.0,9.0,411.560624708229,16.780536480093946,4295.468684374891
70,2010,15.4,11.1,282.3711607645432,16.261153720350855,6814.440809681566
72,2010,16.3,7.0,54.81717326335739,15.139978450338955,7328.338187705708
74,2010,14.3,10.8,39.987623452931615,15.16054845519576,6297.605313974925
76,2010,12.2,8.4,284.23936705182933,16.358507011787754,4685.367395198606
78,2010,14.0,11.8,1017.9187620889749,13.866705447510228,5351.781615310947
80,2010,16.9,12.0,154.2565450251156,15.349601022719826,8379.536719669553
82,2010,13.6,4.8,10.771497539934838,13.612902208685089,3941.5967220100956
84,2010,16.7,10.5,154.17572450588094,15.665135709377564,7903.280504907953
86,2010,18.4,8.3,96.67064525019906,17.04447397159208,7951.783727429732
88,2010,10.0,8.0,33.77727881221857,14.836333902879442,6542.077962038265
90,2010,10.7,7.6,203.18949101038237,15.897941751179037,4865.556914403661
92,2010,10.8,6.7,67.90810458934577,13.346960272103228,4633.101617008223
94,2010,11.6,9.3,101.46487901769592,15.72400807259209,7673.362549032693
96,2010,10.1,9.3,105.09359651390376,15.554512327753574,5245.184224845515
98,2010,16.8,9.0,77.14318994924703,14.433054495163342,4736.168872629381
100,2010,9.6,7.6,5.814569536423841,13.243791317872736,5082.419042288248
102,2011,11.7,8.0,1.2685033146934763,13.492353282503686,5825.435857762551
103,2011,15.4,10.1,94.85021226182249,15.384894722367866,7602.074155924749
104,2011,18.7,8.0,56.473181512443546,14.893437710039402,7956.320429377162
105,2011,17.2,9.8,56.93359684490378,15.682271588071934,7485.053689204871
106,2011,16.9,12.3,241.90637377310165,17.44474438120622,5559.191499464772
107,2011,13.2,9.1,49.36514154493352,15.447942470431212,5460.232800956628
108,2011,10.1,9.4,740.7511358942586,15.092747857388584,4561.553086011525
109,2011,19.9,10.0,10147.868852459016,13.335892861322476,10753.77209137023
110,2011,13.7,8.1,465.9502308876347,13.719150527259297,7395.690297829513
111,2011,14.9,10.6,355.84637762237764,16.76426977041663,7521.77598232327
112,2011,18.4,10.5,170.61290490845548,16.09916356463137,7634.843861783896
113,2011,12.1,6.8,214.5615755877316,14.136237340107467,6592.996736880219
114,2011,10.4,5.9,54.85609681866194,14.935263467304964,4931.403934013838
115,2011,15.7,8.5,19.163679924494513,14.275302222133593,4325.6991028853145
116,2011,14.2,9.6,231.62794718925053,16.369612991984376,5757.723788141482
117,2011,15.6,9.1,181.8889354100374,15.689825421576781,6627.83308393514
118,2011,14.3,6.8,35.10789026284568,14.869957073465711,6493.795607977464
119,2011,16.0,9.8,110.59145013422479,15.28954423939209,5657.213703171236
120,2011,21.1,7.8,105.88755670771225,15.336066107842695,7894.808171609215
121,2011,10.6,7.6,847.0516666666666,15.703640705075792,4907.459554657384
122,2011,9.3,7.5,601.5835994643041,15.580168064447504,6187.251394451511
123,2011,13.4,8.1,43.074409104172744,14.099594163693766,5186.27911457957
124,2011,15.0,10.5,174.69005465254074,16.10569923186913,5488.062379711811
125,2011,10.0,6.9,67.15434463184599,15.49210213157448,5284.462305175005
126,2011,15.4,9.3,87.41357539786448,15.608766240639863,7049.261572339018
127,2011,17.4,9.9,63.4541056624683,14.906580138461635,6272.601082064325
128,2011,16.5,7.0,6.854650763332555,13.8131748322796,5027.629459529081
129,2011,15.4,10.4,198.50884446089927,16.082582767301496,7326.354303751602
130,2011,9.9,3.5,9.923624295300067,13.436794483148661,4103.893448608231
131,2011,10.2,4.6,23.979928147453922,14.42648952355964,5740.910220959987
132,2011,7.6,5.6,147.19166759745337,14.09147954933119,5144.531786521092
133,2011,11.4,9.5,1201.3561327168889,15.994205970140435,4591.346036847805
134,2011,22.2,7.4,17.136918992893534,14.547240748387972,7608.023191707791
135,2011,15.5,13.7,24.77685574006431,14.816152732336842,5687.037045206887
136,2011,16.0,8.4,413.8186139286169,16.78600789189517,4196.5035102732
137,2011,15.1,9.3,282.44553486209344,16.261417076935587,6868.404117595631
138,2011,13.9,5.9,55.16674684743786,15.146335284336093,7165.045480334753
139,2011,14.4,10.1,40.29908946951702,15.168307337525706,6518.280070802427
140,2011,12.6,7.8,284.8255146056366,16.360567050212158,4784.498492931703
141,2011,13.4,11.2,1016.0986460348163,13.864915771047578,5541.257473973155
142,2011,19.0,10.8,155.46216027410932,15.357386289271435,8403.012144612385
143,2011,14.5,5.0,10.863766471884027,13.621431754828162,3909.698115452657
144,2011,16.3,9.6,155.20278889293076,15.671775266526067,7790.884290367789
145,2011,17.4,8.2,98.11882923990935,17.059343467764027,7345.83453399136
146,2011,11.0,7.8,34.250298162346354,14.850240821065542,6140.465266010197
147,2011,11.4,6.7,205.22623448974423,15.907915707795967,4691.62122624002
148,2011,11.6,6.0,67.98220679179776,13.348050890103053,4939.577907154895
149,2011,12.5,8.9,102.6734531118334,15.735848947378386,7419.466364133193
150,2011,13.1,7.8,105.42935485062225,15.557702085632465,5129.773270473462
151,2011,17.5,8.4,77.1656543805641,14.433345657106434,4482.324729851831
152,2011,10.7,6.6,5.843428465491848,13.248742251645721,4733.359654255882
153,2012,10.0,7.5,1.2798011359155756,13.501220272664277,6011.581430822928
154,2012,16.2,8.5,95.12346727218876,15.387771491396997,7434.372981329844
155,2012,20.1,7.4,56.689305275295474,14.89725742153145,7844.389571188557
156,2012,19.0,8.7,57.67161117664666,15.6951510120745,7467.346567754756
157,2012,15.9,11.2,243.9345354637018,17.453093507159192,5926.432184861225
158,2012,11.9,8.4,50.07099438451593,15.462139818089483,5637.178294920202
159,2012,10.3,8.4,741.7936802973977,15.094154283101455,4554.529597565543
160,2012,18.4,9.6,10384.04918032787,13.358900039270052,10915.859286074006
161,2012,13.5,7.0,470.52488455618266,13.728920546733077,7220.193380317168
162,2012,15.3,9.2,360.29368764568767,16.776690154113123,7012.166039732725
163,2012,18.1,9.5,172.4070384087076,16.10962447162098,7205.561795973757
164,2012,13.8,6.6,216.42378950646116,14.14487905121224,6469.86885741211
165,2012,10.3,5.2,55.051989902787476,14.938828142069157,4812.296689570441
166,2012,14.4,7.7,19.307019348281163,14.282754131758853,4167.925344230034
167,2012,12.6,9.3,231.77996721842973,16.370269087963344,5559.343534818256
168,2012,15.2,8.4,182.48707642494279,15.693108522180253,6376.336806580581
169,2012,14.0,5.9,35.29150307611395,14.875173403348771,6630.593075894556
170,2012,17.9,8.5,110.91855341133567,15.292497636616954,5345.99164788697
171,2012,21.1,7.1,106.52101657253958,15.342030666928414,7540.632237131731
172,2012,11.3,6.7,851.9619230769231,15.709420847284047,4695.752774553696
173,2012,9.9,6.9,606.2499227361698,15.587894868518418,5972.385446878333
174,2012,12.8,7.2,43.07301494666537,14.099561796910363,5122.31454850241
175,2012,13.7,9.2,174.7911883832399,16.106277996741568,5452.304215150004
176,2012,10.0,5.8,67.56057618646942,15.498133130716596,5336.5035543230915
177,2012,15.2,7.6,87.63960897268046,15.611348698094133,7059.282047604773
178,2012,22.0,9.1,63.64576007501652,14.909595949008656,5853.638935860303
179,2012,13.4,6.0,6.908427576161489,13.820989520996532,5431.658468374749
180,2012,17.2,9.7,200.50935867374224,16.0926100340231,7074.705047944455
181,2012,11.4,3.0,10.164272981550992,13.460755199014256,4282.913544689133
182,2012,12.2,4.1,24.150656044985944,14.433583915471266,5740.0490473495565
183,2012,8.1,5.2,147.61722327711382,14.094366544862247,5031.94193173968
184,2012,9.3,9.3,1205.8402230078868,15.99793154530334,4371.503974683993
185,2012,20.4,7.1,17.177035070652444,14.54957892812448,7722.001977403842
186,2012,15.8,12.3,25.089532797114256,14.828693490315151,6202.978992533276
187,2012,17.2,8.6,415.39967321648345,16.789821269454098,4225.729044946332
188,2012,15.4,7.8,282.7398007880375,16.262458384747283,6681.225039558883
189,2012,18.0,5.3,55.62766965522268,15.15465565789676,7296.489839560981
190,2012,13.5,9.1,40.628005584031335,15.176436084156997,6700.675239582738
191,2012,13.9,7.5,285.2842902800438,16.36217647972733,4662.447926765496
192,2012,13.6,10.7,1015.7678916827853,13.864590204039299,5373.015812564743
193,2012,16.7,9.6,157.12774026146835,15.368043036321053,8190.257180342112
194,2012,12.8,4.2,11.001662027937899,13.634045034669072,4406.586199578681
195,2012,18.6,8.2,156.5396871589669,15.680352259168705,7358.982629358036
196,2012,17.0,7.1,99.76111655539903,17.07594267409088,7105.224260993409
197,2012,11.0,5.3,34.74347085310941,14.864537216163509,6218.564691714617
198,2012,10.6,6.2,207.30888832615852,15.918012649436916,4532.256748443926
199,2012,11.2,4.9,67.91287837691223,13.347030567391396,5122.748832580082
200,2012,11.6,8.0,103.75764415553148,15.746353188523113,7643.693880398265
201,2012,11.4,7.0,105.70098600391447,15.560275200439778,5180.945100701295
202,2012,16.7,7.1,77.23937099592312,14.434300504538117,5091.238123963203
203,2012,9.6,5.8,5.938903937462021,13.26494915508797,4760.624737698266
204,2013,10.9,7.1,1.291983926847177,13.510694534130987,6392.733082946427
205,2013,16.7,7.6,95.44863263895745,15.39118401277315,7126.691871486861
206,2013,17.1,7.2,56.86105505909484,14.900282509505972,7660.594876578572
207,2013,20.2,8.1,58.40974875433562,15.70786877360064,7146.4086570046675
208,2013,14.9,9.7,246.7045814904448,17.464385209607226,5705.109362025987
209,2013,10.6,7.3,50.868238744910364,15.477936667626272,5615.367427617834
210,2013,11.3,8.3,743.3583230070219,15.09626133111407,4222.63408773995
211,2013,21.3,8.7,10641.16393442623,13.383359013419334,10877.80056107507
212,2013,14.0,7.1,474.7255002565418,13.737808442300237,6769.594915913709
213,2013,14.9,8.0,365.50696503496505,16.7910559914218,6664.858532091659
214,2013,16.3,8.6,173.78260567176116,16.11757141356991,7175.110475400157
215,2013,11.1,5.0,219.36587264518138,14.158381564436551,6679.763546434424
216,2013,10.8,4.9,55.36174517070376,14.944438967213983,4669.439754541947
217,2013,12.9,7.0,19.51578476095979,14.293509018210118,3963.8700109062074
218,2013,13.3,9.2,232.1827122246438,16.372005197892946,4996.3104760758115
219,2013,11.6,8.2,183.40626918997376,15.69813290816462,6065.871390212904
220,2013,13.2,5.6,35.418742890690936,14.878772314657114,6262.032508449303
221,2013,20.0,8.0,111.42133920883352,15.297020321669999,4959.015433962719
222,2013,19.2,6.7,107.14943060827702,15.347912770475348,7679.049287103578
223,2013,11.9,6.7,860.1120512820513,15.718941685626378,4498.698291248278
224,2013,10.3,6.8,611.7994230967344,15.597007042468032,5793.672964470392
225,2013,12.3,7.1,43.079531822455664,14.099713083808943,4716.557964088261
226,2013,14.5,9.0,175.06841295389023,16.107862773192533,5102.2141112019135
227,2013,12.0,5.4,68.09323470682055,15.505986375006817,5073.643596714164
228,2013,13.7,6.9,87.93629804195398,15.614728311581102,6708.545377876983
229,2013,22.5,8.7,63.76842912857234,14.911521465973813,5728.1818163589005
230,2013,14.5,5.5,6.972805848322867,13.83026517133276,5450.385470368444
231,2013,18.6,9.4,202.57758443374883,16.102872057864833,6547.41023810029
232,2013,9.9,3.0,10.490529122766336,13.492349138047278,4516.223508234361
233,2013,11.0,3.8,24.327931375611787,14.4408974998903,5529.412205338879
234,2013,9.0,5.6,147.72880598682005,14.095122151533467,4836.626806268789
235,2013,11.1,9.1,1211.7897742725047,16.002853359875125,4051.1240417159756
236,2013,21.7,7.0,17.204694224142195,14.55118787334183,8189.487252592967
237,2013,17.4,10.7,25.427842705021817,14.84208749434819,6277.713654408714
238,2013,14.5,8.3,417.9365955099096,16.795909880320693,4035.245292368682
239,2013,13.7,7.5,283.2041555517486,16.264099377155496,6140.249680154822
240,2013,14.0,5.2,56.17199504337051,15.164393248625977,7007.90891947768
241,2013,15.1,8.4,40.92249031128891,15.18365825991561,6611.4435900804165
242,2013,12.4,7.6,285.660237355564,16.363493410222876,4453.202554733104
243,2013,13.5,9.6,1018.7176015473888,13.867489916955675,5144.70918608559
244,2013,15.9,8.4,158.74152556468513,15.378261183631588,7770.128180867737
245,2013,10.3,3.9,11.152866998192874,13.64769527457194,4172.747809014678
246,2013,18.1,8.0,157.56684855098823,15.686892492730353,6978.762923314395
247,2013,16.8,6.5,101.46397455135664,17.092867985316534,6916.773967741277
248,2013,8.3,4.5,35.32660338322989,14.881181867941477,6315.034482378486
249,2013,10.4,5.6,209.42884274499875,15.928186783179319,4346.505496445432
250,2013,8.7,4.6,68.01074102202452,13.348470532902246,4552.727504765855
251,2013,12.0,6.9,104.93773323702901,15.757662510982229,7721.837142813714
252,2013,11.0,6.9,106.04071420658074,15.563484095936923,4657.986927631134
253,2013,17.3,7.1,77.1110325318246,14.432637554643062,4613.4673431898555
254,2013,11.8,5.1,6.006849103436911,13.276324896484677,4600.298685065575
255,2014,11.9,6.9,1.2916106623954464,13.51040558442047,6153.211604160391
256,2014,17.8,7.2,95.69377036232599,15.393748988978516,6786.485917104431
257,2014,18.4,6.5,57.01614298068608,14.90300628599755,7184.491217071391
258,2014,21.2,7.2,59.23537334718383,15.721904853173719,6735.74998629024
259,2014,15.8,8.2,249.0213122436272,17.4737320992859,5279.783552871369
260,2014,12.3,6.0,51.673915980008104,15.493651059757546,5378.774468835168
261,2014,8.6,7.2,742.4126394052045,15.094988343885959,4095.5979839555444
262,2014,19.0,7.9,10816.983606557376,13.399746598276648,11592.729102383017
263,2014,11.0,6.0,480.2298614674192,13.749336566841118,6452.998393107457
264,2014,16.7,6.9,371.1994219114219,16.806510099790454,6324.325619629361
265,2014,16.8,7.5,175.56260323752892,16.127761981091062,7103.472550423229
266,2014,10.8,4.6,221.12050443717888,14.166348399116961,6717.516618471164
267,2014,10.3,4.4,55.66860017544802,14.94996638920029,4460.036900048593
268,2014,12.4,5.6,19.78154229638324,14.307034700839246,3934.350620195913
269,2014,13.7,8.4,232.0320791080531,16.371356217616185,4557.214616242628
270,2014,14.6,6.4,184.16457321498353,15.702258943275778,5667.32041201113
271,2014,12.1,4.8,35.50076444183515,14.881085404265315,5867.100406648459
272,2014,20.0,7.5,111.75143088689663,15.299978495452894,4743.511616802455
273,2014,23.1,5.6,107.60554578279789,15.352160549670193,7450.370940784987
274,2014,13.6,6.2,866.0415384615385,15.725811885980713,4110.228028382603
275,2014,9.8,6.1,615.5708251777069,15.603152562055039,5481.640728419743
276,2014,14.6,6.1,43.12991602632688,14.100881962878814,4100.864795949051
277,2014,14.8,8.1,175.38877588920923,16.10969103087851,4517.196222060917
278,2014,8.3,4.7,68.53360041192057,15.512432652264827,4824.133586824564
279,2014,10.4,6.6,88.21138459748043,15.617851676873638,6262.612703165839
280,2014,22.1,8.1,63.79479146687126,14.911934787910202,6083.4630891585375
281,2014,12.0,5.0,7.030437112665411,13.838496348909299,5317.458455981518
282,2014,17.1,6.4,204.45898638364392,16.112116511476472,6073.345031737698
283,2014,9.7,2.7,10.725061955623831,13.514459517773538,4555.8348197394735
284,2014,11.8,3.5,24.510309278350515,14.44836618623397,5324.167011864172
285,2014,7.2,4.8,148.32972188093376,14.099181596965787,4128.099783433083
286,2014,11.3,7.3,1215.5077508838726,16.005916832301196,3727.65203196297
287,2014,20.0,6.8,17.19374598097248,14.550551318691438,7682.2753716375455
288,2014,17.0,8.9,25.854027563968263,14.858709145190334,5890.572497930966
289,2014,14.0,7.0,419.0650171879642,16.798606224854794,3818.944872660485
290,2014,15.6,6.6,283.81581459093024,16.26625682948043,5847.754737907172
291,2014,17.3,4.9,56.55820395072527,15.171245191083521,6468.227476473151
292,2014,14.4,7.2,41.3718589823728,15.194579377618407,6460.965722720728
293,2014,12.5,6.5,285.93896251927674,16.364468657164668,4175.955369517047
294,2014,11.3,8.9,1020.2195357833656,13.86896316934795,4577.085942173101
295,2014,16.5,6.1,160.64535444595987,15.39018309746065,7467.137141863182
296,2014,12.8,3.5,11.255675297780005,13.656871152196802,4086.8201719434105
297,2014,17.3,6.9,158.79177882866497,15.69463646614,6747.494073944768
298,2014,16.4,5.7,103.27631377472898,17.110572234698136,6437.362314605414
299,2014,10.2,3.8,35.83422173542655,14.895448902134065,6025.135693758325
300,2014,10.2,5.3,210.89131425677385,15.935145656738925,4087.247772540621
301,2014,9.3,4.1,68.00119344689162,13.348330139705341,3204.540124160972
302,2014,12.0,6.2,106.28334537137354,15.77040395087574,7683.509066614037
303,2014,10.9,6.0,106.34499058310868,15.566349416698568,4476.708814341414
304,2014,20.6,6.7,76.90951826275065,14.430020833913018,4457.820442017341
305,2014,9.7,4.5,6.017982758798266,13.278176674317487,4123.8807196254
306,2015,9.2,6.2,1.2927725137170305,13.511304716879307,6371.482522241155
307,2015,16.3,6.1,95.84114917563431,15.395287912979947,6438.711338878731
308,2015,16.1,5.5,57.227885077351786,14.906713129019836,7070.563926426187
309,2015,17.2,6.4,60.0169463175872,15.735012927943192,6488.181630831536
310,2015,13.9,6.8,250.31576785060886,17.478916807405096,5684.757682860465
311,2015,9.9,4.1,52.57346442561896,15.51090944590948,5605.544981398722
312,2015,9.1,6.0,740.3407682775712,15.0921937153721,3881.966005807969
313,2015,16.6,7.4,10989.786885245901,13.415595519685587,10654.601813606374
314,2015,11.1,5.0,484.3899435608004,13.757961950361581,5915.837284286435
315,2015,16.2,5.9,377.5275337995338,16.823414159476915,6096.173093153174
316,2015,18.1,6.5,177.34074035435466,16.137839256904932,6578.005878386156
317,2015,10.9,3.8,222.88696870621206,14.174305353429231,6586.881977755006
318,2015,10.4,3.9,55.89267235977586,14.953983419134568,4420.087527310244
319,2015,12.3,3.8,19.99961279237201,14.317998318152709,3715.8736420244577
320,2015,10.9,6.1,231.25501179776293,16.36800163228776,4390.349221402492
321,2015,13.5,5.4,184.5801373304304,15.704512883627968,5582.064878126678
322,2015,14.2,4.3,35.55230616812828,14.882536199702898,5903.593774565911
323,2015,19.5,5.3,112.05518411588918,15.302692922955371,4632.655842513613
324,2015,18.6,6.8,108.06777150263865,15.356446906771376,7295.371988622734
325,2015,11.5,5.2,869.774358974359,15.730112833186602,3766.774170725092
326,2015,9.6,5.4,617.5937982898939,15.606433510743317,5225.686211287005
327,2015,12.3,4.9,43.103880945433325,14.100278137404374,3794.643360840887
328,2015,12.8,6.0,175.41369674030315,16.109833109986155,4276.126103643834
329,2015,7.8,3.8,68.85145742022178,15.517059903298746,4692.932975949555
330,2015,9.8,5.6,88.39143463966717,15.619890716854393,6218.816879749264
331,2015,19.1,6.8,63.70841591543593,14.910579911175383,6013.266920676125
332,2015,11.9,4.3,7.091043381473899,13.84707995895605,5639.039098978464
333,2015,15.3,5.7,206.40886091571022,16.121608075167856,5845.073524297407
334,2015,10.7,2.6,10.968464225156158,13.536900543007723,4939.121472976276
335,2015,10.3,2.9,24.650695095282725,14.454077469000525,4771.500159734708
336,2015,7.3,3.8,148.56595554562716,14.100772955362073,3728.8617265777066
337,2015,11.2,6.3,1215.042289910253,16.00553382354063,3517.2489354446757
338,2015,19.7,6.5,17.150554831901598,14.548036131553069,8080.264266019589
339,2015,13.0,7.4,26.26827957478981,14.874604862631836,6047.386777947387
340,2015,14.2,5.7,419.0294741756143,16.79852140622697,3593.302396600062
341,2015,13.6,5.2,284.01385183916204,16.2669543529385,5530.84034677887
342,2015,14.2,4.0,56.96353961659013,15.178386332078434,6266.446299265959
343,2015,11.9,5.8,41.9285118973205,15.207944533023246,6216.316812907708
344,2015,12.3,5.5,285.89732472118544,16.364323028777335,3941.790057211186
345,2015,11.8,6.6,1020.8965183752417,13.869626514889054,4039.4768128669098
346,2015,14.3,6.4,162.83004557399954,15.403690921216457,7152.602110715093
347,2015,13.9,3.2,11.316550368680007,13.662264968419205,4287.118014637746
348,2015,14.7,6.1,159.93830483812295,15.701830835378775,6564.159576507008
349,2015,14.7,4.6,105.00106801616954,17.127134702054306,6094.360191907739
350,2015,9.3,3.6,36.39566751855909,14.910995294268576,6243.897610939761
351,2015,10.9,4.8,211.8912889339073,15.939876109384347,3971.4077666596118
352,2015,10.7,3.8,67.92752522512748,13.347246215282357,3014.751919857911
353,2015,11.4,5.6,107.74482364271097,15.784061040909908,7254.636334561868
354,2015,11.4,4.7,106.50118172753794,15.567817060403593,4263.100672325465
355,2015,14.5,6.4,76.58927531408602,14.425848248502621,4550.928191638155
356,2015,9.8,3.9,6.041166716447118,13.282021719320005,4023.8340820553913
357,2016,12.6,6.4,1.299454473127588,13.516460109708662,7514.004978948703
358,2016,16.2,6.1,95.9728502320071,15.396661129507162,6427.180491076618
359,2016,16.0,4.2,57.42732776016143,14.910192131483587,7119.4964512449005
360,2016,16.1,5.7,60.81872281986725,15.748283649657143,6472.70476600177
361,2016,13.9,5.7,252.25785247048702,17.48664540360777,5544.863615760355
362,2016,8.5,3.3,53.357760367418614,15.525717360660032,5846.579766568628
363,2016,9.8,5.2,740.951053283767,15.093017705664684,3844.2338165139918
364,2016,16.3,6.4,11218.622950819672,13.436204304061851,10665.813284702252
365,2016,11.6,4.5,488.81375064135455,13.767053238395931,6045.8823257737495
366,2016,13.0,5.1,385.2044568764569,16.843544906379297,5791.488614117268
367,2016,15.4,5.7,179.3267609062299,16.14897590978847,6349.6425115526845
368,2016,9.3,3.0,222.43235248326326,14.17226359885336,6170.578077852119
369,2016,9.8,3.6,56.05150652559214,14.956821159765402,4501.817227102124
370,2016,11.1,3.8,20.32871507568699,14.334319827450162,3725.537580966009
371,2016,12.1,6.2,231.19519443794016,16.367742934770277,4538.629135586098
372,2016,11.8,4.6,185.17297493440518,15.707719553658913,5478.378301379544
373,2016,11.2,3.9,35.564659548184295,14.88288360991805,6061.461668909538
374,2016,15.2,5.2,112.34647723243681,15.305289100527412,4640.954817877723
375,2016,20.2,6.0,108.46581335061569,15.36012340154326,7159.363205287403
376,2016,9.6,4.4,874.8360256410257,15.735915482206462,3500.0698299358955
377,2016,7.1,4.5,620.6605542392089,15.611386874668096,5119.729409608894
378,2016,12.7,4.0,43.12913789190416,14.100863921075955,3417.8248606258157
379,2016,11.1,4.9,175.69191177771097,16.111417904355076,4291.361154161522
380,2016,8.7,3.8,69.38664020997902,15.524802855100898,4503.325761757812
381,2016,13.0,4.5,88.60923452910885,15.622351724492285,6124.30177686542
382,2016,21.1,6.3,63.62370266180764,14.909249323620989,5810.0130132661625
383,2016,11.7,4.4,7.136273068308301,13.853438127675554,5795.7591348820015
384,2016,13.6,5.3,208.90799703813403,16.133643061175512,5841.441044419102
385,2016,11.1,3.1,10.949812321560557,13.535198592760116,4871.563421516568
386,2016,9.6,3.0,24.830821097573676,14.46135803806171,4825.689622002063
387,2016,6.4,2.9,149.11370490338433,14.10445308570842,3244.4579274390176
388,2016,9.4,5.0,1220.8887680174055,16.010334032737305,3317.7901313550187
389,2016,17.8,6.5,17.19263301950568,14.55048658599788,8556.740282109415
390,2016,10.1,6.2,26.773795101155937,14.893666365620446,5843.931827599792
391,2016,11.9,4.8,420.9202138946654,16.8030234447167,3452.072630935045
392,2016,13.7,5.0,284.44125204963166,16.268458078696547,5486.307054370322
393,2016,14.6,4.5,57.16461841242073,15.18191007253592,6474.409537675517
394,2016,11.8,4.9,42.567706379964164,15.223074362236648,6226.5219020413415
395,2016,11.1,5.3,285.7896207227946,16.363946235147452,3794.273675352905
396,2016,11.4,5.6,1022.7911025145067,13.871480599302581,3815.2701580799685
397,2016,14.1,5.3,164.99191643657895,15.41688041096038,7020.514042641046
398,2016,14.5,2.8,11.36434026724354,13.666479085938208,4416.499717947587
399,2016,14.9,4.8,161.25631138595853,15.71003778455541,6389.399711613251
400,2016,13.8,4.5,106.82022876217309,17.144311496842146,5951.823019228692
401,2016,8.6,3.5,37.04905683339418,14.928788445754753,6192.7766487173985
402,2016,11.4,4.0,213.07622182831096,15.945452704936658,3958.4497015822913
403,2016,9.6,3.2,67.6308994249756,13.342869854693257,3250.320042864889
404,2016,11.0,5.4,109.5602202961358,15.800769708646847,7307.977245776435
405,2016,10.7,4.1,106.59398426825216,15.568688056666202,4183.985323191031
406,2016,18.0,6.4,76.07275979698811,14.4190814385666,4440.30171105583
407,2016,10.9,5.0,6.024224197418969,13.279213268224614,4163.204595578807
408,2017,14.4,6.6,1.2964122802252205,13.514116234167906,7940.674735666801
409,2017,15.0,5.5,96.26063777273176,15.399655277495746,6420.703490375621
410,2017,14.8,3.8,57.711098299221675,14.91512134796397,6854.285901717518
411,2017,13.2,5.2,62.05324224871032,15.768378729453605,6322.213640869835
412,2017,12.4,5.2,252.9182303134569,17.48925985128902,5463.85423779464
413,2017,7.7,2.6,54.18558113506108,15.541112774393078,5786.514793171248
414,2017,10.9,4.6,738.0999586947543,15.089162398312425,3790.893930406169
415,2017,13.6,6.3,11404.77049180328,13.452660875217447,9551.366914334094
416,2017,9.2,4.7,491.0610569522832,13.771640171815958,5353.482161328544
417,2017,13.7,4.7,391.17598135198136,16.858928195144074,5433.885759189719
418,2017,13.3,5.2,181.05567436927302,16.158570865357298,6073.33774766387
419,2017,10.3,2.6,221.734859100109,14.169122916973667,5923.383113221921
420,2017,9.1,3.3,56.2800902304098,14.960890967850178,4464.319512717276
421,2017,11.7,3.5,20.79914814321842,14.357197436383178,3561.8626752861123
422,2017,10.9,5.3,230.30306741836128,16.363876709457703,4426.594117593692
423,2017,11.4,3.8,185.9007983029085,15.711642354753089,5167.669106776763
424,2017,14.7,3.9,35.60083905135826,14.88390038088159,5855.245957228683
425,2017,14.4,5.1,112.79628222661196,15.309284837221037,4537.398229047341
426,2017,21.4,5.8,108.11077677992779,15.356844774905825,7290.585931629106
427,2017,10.6,3.8,879.9033333333333,15.7416910656313,3209.443461592372
428,2017,7.8,4.1,620.6748738024106,15.611409945891037,4974.878383691921
429,2017,12.0,3.5,43.28576986674448,14.104489039714263,3137.9792564096224
430,2017,12.7,4.8,176.4524841260015,16.115737572876274,4055.1611209882635
431,2017,9.2,3.8,69.9279766913233,15.53257431825261,4637.173354549218
432,2017,11.1,4.2,88.8628785895086,15.625210136764984,6207.793194264098
433,2017,18.3,5.6,63.714233957760584,14.91067122998463,5792.927162693588
434,2017,9.7,4.2,7.235444464293075,13.867239257549222,5557.454728465753
435,2017,14.5,4.9,211.2550907071455,16.1448154756577,5540.065038750633
436,2017,11.3,2.9,10.944421095346444,13.534706113647427,4692.813330932127
437,2017,10.4,3.1,24.96062428407789,14.466571924887582,4885.910590198558
438,2017,6.6,2.9,150.76142075282027,14.115442542926203,2944.3600265823657
439,2017,8.6,4.6,1208.6677998368234,16.000273702044826,3383.8616745174095
440,2017,18.6,6.7,17.2582812577289,14.554297707941101,8599.905894491962
441,2017,13.7,5.4,27.07576903107095,14.904881947406412,5830.39659804098
442,2017,13.4,4.7,415.70935364766797,16.79056649164639,3356.313772863569
443,2017,12.7,5.3,285.4587259244757,16.2720287928402,5107.410934841341
444,2017,12.6,4.4,57.33129236824841,15.184821514043751,6235.277065787867
445,2017,10.2,4.1,43.19906654998542,15.237797350014212,6190.0712681643145
446,2017,11.2,5.2,285.86476096819615,16.364209122123363,3601.6098577321027
447,2017,12.2,4.6,1021.7466150870406,13.870458864648983,3752.439691581337
448,2017,15.6,4.4,167.03433019526963,15.429183290875057,6893.704496856241
449,2017,10.4,3.1,11.519251823613988,13.680018387127097,4228.740641668365
450,2017,11.5,4.6,162.6965927003759,15.718929761050513,6558.496206620743
451,2017,13.4,4.8,108.41978394683653,17.159174761453453,5544.206793437225
452,2017,8.6,3.2,37.7646099549714,14.947917970422596,5797.94258548982
453,2017,10.3,4.0,214.36330716637124,15.951475026882992,3813.740171976893
454,2017,10.2,3.1,67.75794727134642,13.34474663977213,3164.004643529082
455,2017,9.9,4.8,111.73456121343445,15.820421422778724,6637.930291463177
456,2017,9.5,3.5,106.947283873112,15.571997018257543,3944.2677559296353
457,2017,17.3,5.4,75.5906481404443,14.412723764200543,3945.0801519827764
458,2017,12.4,4.8,5.962674961119752,13.268943760420514,3871.598489637852
459,2018,13.1,6.4,1.2882688064825345,13.507814875961122,7514.905344431461
460,2018,16.0,4.0,96.50865830782901,15.402228515838127,6198.665583944615
461,2018,15.9,3.8,57.84054963005669,14.91736192847166,6487.552218087119
462,2018,12.8,4.9,63.014102857545296,15.783744523194356,5860.737544327876
463,2018,11.9,4.4,253.3177642686113,17.490838301033342,5219.9926672996535
464,2018,9.1,2.9,54.91294069971633,15.554446966817991,5823.55098240521
465,2018,10.2,4.2,737.6125567947129,15.088501833449486,3533.4255443060656
466,2018,14.7,5.9,11500.77049180328,13.461043175567543,9756.580813544922
467,2018,7.4,4.1,495.37147255002566,13.780379630225763,5063.704130281446
468,2018,13.7,3.9,396.1644195804196,16.871599982273388,4961.392733877959
469,2018,14.8,4.3,182.7609583920157,16.167945348861686,5624.751513419441
470,2018,9.2,2.1,221.17281644091545,14.166584948038283,6031.002546119825
471,2018,8.9,2.8,56.36926437152013,14.962474184372851,3885.8635757021016
472,2018,11.5,3.0,21.181902883486806,14.375432584718089,3189.8801281436085
473,2018,10.3,4.6,229.16606927358202,16.35892751755413,4289.066688380502
474,2018,11.6,3.3,186.88932618768493,15.716945768855526,4762.977266661459
475,2018,7.5,3.5,35.609033867831066,14.884130540441578,5762.223071768201
476,2018,15.7,4.2,112.98062604467407,15.310917810765035,4218.39376501994
477,2018,19.0,4.7,107.85320803629294,15.354459480283886,7110.0438011970755
478,2018,8.7,3.7,882.3891025641026,15.744512130772021,2887.556873203359
479,2018,8.0,4.1,621.7989080045328,15.613219295150927,4543.223916225217
480,2018,11.6,3.1,43.41526440359239,14.107476192848676,2830.499373813064
481,2018,10.5,4.5,176.58734678717346,16.116501581103805,3781.5031782623364
482,2018,7.9,3.1,70.40638225727454,15.539392426416875,4223.412124577413
483,2018,12.4,3.6,89.05215152308632,15.627337815408676,5816.954098610777
484,2018,19.6,4.9,63.53003857383373,14.907776081795703,5076.483888065159
485,2018,10.3,4.0,7.287489865746911,13.874406627871744,5431.87528578769
486,2018,13.1,4.2,213.5343905549385,16.155547011268105,5043.781723749147
487,2018,9.7,2.6,10.986507441921132,13.538544199952558,4405.339805825242
488,2018,10.5,2.9,25.065266062688742,14.470755435885724,4464.498076977005
489,2018,6.1,2.7,151.17446665922037,14.118178528817772,2719.3906011607246
490,2018,8.2,4.4,1208.3254011422355,15.999990375888393,3025.492275792607
491,2018,16.6,5.2,17.252889577734177,14.553985247951593,7601.561779503531
492,2018,13.0,4.7,27.57618349258979,14.92319523445055,5440.781200399955
493,2018,11.1,4.5,414.42836226286977,16.78748027504159,3233.9306139454434
494,2018,11.9,4.6,285.75759281466435,16.27307521573694,4711.424580696984
495,2018,13.4,3.7,57.442014724105256,15.186750924165494,6281.122826430404
496,2018,9.7,4.1,43.5667583447931,15.246272898914803,6144.309050987999
497,2018,11.8,4.8,286.0988758018014,16.365027757545718,3283.865021597663
498,2018,8.9,4.5,1023.4883945841393,13.87216212115491,3550.643634477226
499,2018,12.8,3.9,169.12797312132,15.441639595321115,6650.523705409511
500,2018,10.6,3.0,11.590639880756092,13.686196545391667,3853.997619204778
501,2018,12.0,3.5,164.2204680489875,15.728252531677928,6327.589320800262
502,2018,13.7,4.1,109.59096129111288,17.169919081507427,5171.3307214524075
503,2018,6.9,3.0,38.3783619325788,14.96403936035891,5078.054890520208
504,2018,9.8,3.4,215.2769308685743,15.955728004134391,3566.7427257476106
505,2018,9.7,2.8,67.7398285776283,13.34447920078706,2815.211785546113
506,2018,8.6,4.6,113.2157969182617,15.833591058299865,6249.856290692993
507,2018,8.6,2.9,107.23080615975479,15.574644557529284,3441.1405023172138
508,2018,15.9,5.4,75.05994675097762,14.405678274799929,3391.1935491558734
509,2018,9.5,4.2,5.9489458560349355,13.266638597861194,3783.0613174146165
510,2019,10.2,6.0,1.285577096633435,13.505723289338059,6670.092679555563
511,2019,12.9,3.7,96.90917168526015,15.406369953573169,5750.265130252559
512,2019,14.1,3.7,58.05678869991352,14.921093495113185,6276.264198597477
513,2019,9.9,5.0,64.19214923323415,15.802266884104585,5319.080512292982
514,2019,10.1,4.3,253.16384108255926,17.49023048748527,5113.633914428385
515,2019,9.3,3.0,55.56131684066305,15.566185150899466,5613.923520869896
516,2019,8.3,3.7,736.4770755885997,15.086961246763646,3049.1959948648664
517,2019,12.5,5.9,11610.704918032787,13.470556653476239,9748.070251732079
518,2019,6.5,3.5,501.1123653155464,13.791902057511923,4913.849946962529
519,2019,11.5,3.5,400.7842610722611,16.88319393644815,4667.878215094917
520,2019,12.1,3.9,184.7933510684541,16.179004467681676,5874.095080739404
521,2019,8.4,2.8,220.39778919508018,14.163074623610926,6002.973972443073
522,2019,9.5,2.6,56.565801958572784,14.965954729288564,3987.155319857349
523,2019,7.1,3.0,21.648052466633594,14.397200900218008,2719.3051099460054
524,2019,9.3,4.6,228.15643293286982,16.354512086534815,4126.204298928469
525,2019,10.1,3.5,187.88058951599396,15.722235764655096,4266.818798367555
526,2019,9.5,3.4,35.62464071233748,14.884568727713207,4958.4997776927075
527,2019,13.6,4.2,113.26406827736413,15.313423437531938,4039.1785517441076
528,2019,17.9,4.7,107.82068789926859,15.354157912612658,6932.379620396777
529,2019,7.5,3.2,883.959358974359,15.746290100247583,2689.820842500156
530,2019,7.0,3.6,623.771917173174,15.616387337913222,4354.9959256503025
531,2019,10.4,3.1,43.63291508608112,14.112476897914108,2611.4417768266494
532,2019,10.2,4.2,176.6001344204885,16.1165739938251,3609.758638009093
533,2019,5.7,3.3,70.83091162545368,15.545404020593208,4420.827251091435
534,2019,9.4,3.3,89.32639434406913,15.630412658694592,5815.934435039635
535,2019,19.2,5.4,63.47051552543529,14.906838714975866,4943.646001463287
536,2019,9.7,3.6,7.352472757753563,13.883284153102496,4890.092073527996
537,2019,12.7,4.0,215.9978608745732,16.16701761596545,5161.633933203471
538,2019,8.1,2.4,11.06830335792235,13.54596174633529,4300.244590977893
539,2019,8.7,3.1,25.155823700926792,14.474361798742944,4397.923802023315
540,2019,3.7,2.6,151.99184630849993,14.123570827334374,2590.8612908891423
541,2019,6.3,3.5,1209.036986673919,16.000579104790457,2875.3636437048617
542,2019,15.3,5.1,17.309716565813122,14.557273601789845,7181.727863046607
543,2019,10.4,4.3,28.153970176988732,14.943931132313454,5156.9656891435825
544,2019,12.5,4.0,413.0019734329245,16.78403251592189,3133.2779910899226
545,2019,12.4,4.4,286.25111964954357,16.274800808185407,4408.991504899711
546,2019,10.8,3.2,57.740010204825424,15.191925275732576,6167.810747458262
547,2019,8.1,4.2,43.923365420677584,15.254424883056325,5870.711337164347
548,2019,8.7,4.4,286.05330442750824,16.36486845945698,3113.552956144689
549,2019,9.2,3.8,1023.3636363636364,13.872040218624807,3305.8390145895037
550,2019,15.1,3.2,171.57453178536974,15.45600168942329,6402.987221828636
551,2019,10.6,2.8,11.701824273522313,13.695743430298464,3933.4841572852592
552,2019,13.1,3.5,165.64387049836304,15.73688281460229,5922.265777982746
553,2019,11.1,3.7,110.96188062718197,17.18235090492376,5232.979542339177
554,2019,7.3,2.8,38.98482414506511,14.979717996840792,4574.10181673562
555,2019,8.8,3.1,216.67870346923272,15.962218381432557,3503.757665682402
556,2019,8.6,2.3,67.70597808397527,13.343979362583248,3081.343362508533
557,2019,7.0,4.7,114.57240881184543,15.845502368007871,5754.815062311335
558,2019,8.4,3.0,107.54793382325788,15.577597623498384,3243.1002333043357
559,2019,13.9,5.0,74.68437473999501,14.400662087277636,3363.239815002036
560,2019,9.2,3.7,5.974848856251223,13.270983362525268,3351.2263064628455
561,2020,13.4,5.4,1.2812924413072317,13.502384857647401,5358.8964355173575
562,2020,14.9,3.2,97.17705597788527,15.409130422112963,4727.064661979237
563,2020,14.1,3.5,58.24006918420294,14.924245439875257,5898.752756125842
564,2020,10.9,4.8,65.33268482490273,15.819878411336612,4940.118449333218
565,2020,11.1,4.3,252.71749080428043,17.4884658428306,4719.900219665283
566,2020,9.5,3.0,56.03634626888713,15.574698452773644,6090.756112683826
567,2020,11.2,3.8,734.6150351094589,15.084429737743902,3311.7458896611365
568,2020,16.8,5.5,11685.508196721312,13.476978601575928,7985.931853381518
569,2020,10.5,3.6,506.3155464340688,13.802231783984885,4354.642083726435
570,2020,13.3,3.0,405.28320745920746,16.894356756633197,3922.4578379954237
571,2020,13.3,3.5,186.2190635160746,16.186690029724257,4414.801582481148
572,2020,10.9,2.2,219.05744978981784,14.156974600479758,5076.879558438272
573,2020,9.2,2.6,56.63678679485114,14.967208849823507,3699.976071269054
574,2020,9.1,2.7,22.10608278983096,14.418138215178702,2466.346235425551
575,2020,8.0,3.7,226.7247248689638,16.348217199322896,3544.666825024449
576,2020,12.1,3.3,188.54890303131805,15.7257865715432,3924.0391457942046
577,2020,9.3,3.3,35.63895106349148,14.88497034517283,4823.2122602576355
578,2020,13.9,4.1,113.38831484576812,15.31451979998035,3818.101777184259
579,2020,15.5,4.8,107.52055365243959,15.35137038859719,6408.21575616567
580,2020,8.4,2.8,883.7915384615385,15.74610023128633,2415.176800887319
581,2020,9.4,3.4,623.8592768105491,15.61652737871685,3619.4875592035537
582,2020,8.0,3.2,43.77463281781928,14.115719589405115,2420.9323322527052
583,2020,11.2,3.8,176.27752524805885,16.11474554561666,3199.771636237396
584,2020,8.5,3.4,71.04803647004157,15.548464728570021,4527.249722572898
585,2020,10.7,3.3,89.4874749061709,15.632214315426802,5604.784356718016
586,2020,17.6,5.6,63.226690535558255,14.902989769944368,4494.4259545514915
587,2020,10.9,3.5,7.424298847099886,13.893005715693995,4711.464338034217
588,2020,13.8,3.8,218.0431733102966,16.176442197577785,4872.291519252798
589,2020,10.7,2.1,11.091274039506674,13.548034952822944,4577.236122925511
590,2020,8.3,3.1,25.220660210350932,14.476935878559164,4152.404683848486
591,2020,6.2,2.6,152.60527197587402,14.12759861656714,2344.184003952352
592,2020,8.2,4.0,1207.8285286918683,15.999579083833499,2511.750522467481
593,2020,16.6,5.1,17.364828768817294,14.560452432190141,6462.031629586972
594,2020,12.9,4.2,28.58654047603866,14.959178745516699,4313.50631034596
595,2020,11.8,4.0,410.3207571192123,16.777519332955706,3185.200056100355
596,2020,12.7,4.4,286.17060277526247,16.274519488061948,4009.418451740013
597,2020,15.5,3.1,58.03313652598586,15.196989091579432,5869.825107271609
598,2020,9.4,3.5,44.187888069342,15.260429188588107,5609.892898915409
599,2020,10.7,4.5,285.7039983908097,16.36364659109278,3677.678625489253
600,2020,8.5,3.6,1022.3646034816247,13.871063517084524,2721.721650703559
601,2020,13.4,2.8,173.58171717507733,15.467632410421755,5972.836543989697
602,2020,11.6,2.6,11.775560274894145,13.702024900337761,4414.836952808113
603,2020,13.1,3.5,167.01428398205408,15.745122030853159,5658.303946341672
604,2020,14.0,3.5,112.39342423592822,17.195169612875084,4936.534508525478
605,2020,7.4,2.5,39.55067542898868,14.994128322843608,5189.516286606363
606,2020,7.8,2.8,217.53768042542416,15.966174833139824,3121.4834231470045
607,2020,8.6,2.1,67.63013995877184,13.342858625055998,2607.375988013097
608,2020,8.2,3.8,115.77001324184423,15.855900932117157,5758.569576942534
609,2020,8.0,3.1,107.69701613796668,15.578982857749638,3294.708841856753
610,2020,14.2,5.2,74.24856477244363,14.394809638344665,3154.6621529627905
611,2020,9.7,4.4,5.997631137157159,13.274789141848617,3455.440919893943
612,2021,11.4,7.1,1.2865917450726463,13.506512233263814,4424.652197956365
613,2021,15.9,4.2,99.71065258169612,15.434868305737053,3289.842898179469
614,2021,16.8,4.9,58.19394638224272,14.923453183348704,5760.368967961001
615,2021,12.6,6.4,63.954759934503585,15.798561924354553,4655.330021416742
616,2021,11.9,8.7,251.27257846051137,17.48273193499921,4811.786099840965
617,2021,7.9,6.3,56.070868952741165,15.575314339715035,6773.290024584873
618,2021,8.0,7.0,748.317843866171,15.102910950172213,3205.454613196885
619,2021,14.0,7.3,10963.786885245901,13.413226883724285,9225.602617260101
620,2021,11.7,5.7,515.5500256541816,13.820306041232314,4181.8976181495555
621,2021,12.6,5.9,407.05023776223777,16.898707268360777,3372.4284085779645
622,2021,14.0,4.8,187.57548728113645,16.193947651410188,3552.6693522978107
623,2021,10.9,9.5,225.3081114743889,14.185109427041192,5340.482077235733
624,2021,9.7,4.2,57.24777556975849,14.977938919366942,3311.704171356251
625,2021,9.3,4.1,23.042653340270803,14.459632396702691,2170.1778173137413
626,2021,10.7,7.2,228.50679947405393,16.356046550380675,3131.4071708999563
627,2021,10.4,4.7,190.18400044660302,15.734421192719287,3438.583689047032
628,2021,7.1,3.9,35.93392776330435,14.89321308669097,4939.2393671445325
629,2021,16.2,4.6,114.13131236387581,15.32105110603467,3516.4289443745593
630,2021,18.4,7.0,107.09883344134802,15.3474404476951,5720.47533897056
631,2021,7.6,7.1,896.1141025641026,15.759946764156444,2301.6614470741906
632,2021,7.7,6.4,636.0986916658081,15.635956280589035,3479.0213470972258
633,2021,9.1,4.4,44.653179003339496,14.135590602281939,2381.3603748952614
634,2021,11.7,6.5,177.53239356904083,16.121839035742678,3224.8355766533195
635,2021,6.9,4.5,71.72781845353963,15.55798716666798,4400.004832380309
636,2021,12.3,4.9,89.75332402315905,15.635180708273975,5217.848226764366
637,2021,17.4,6.5,62.860132557594355,14.897175379484516,3976.0834232329553
638,2021,10.7,4.0,7.600531790636637,13.91646568412769,4528.455732864954
639,2021,11.8,5.6,217.32455057797523,16.173140972679725,4593.860334463227
640,2021,8.5,4.1,11.274242402284026,13.56439696665713,4565.940041186013
641,2021,8.1,3.0,25.559122149328335,14.490266654531885,3934.141867246839
642,2021,6.9,4.2,154.97654417513684,14.143017728199837,2204.8208835283476
643,2021,7.6,7.2,1260.2612183845526,16.042073956497926,2402.3083394502846
644,2021,18.0,8.2,17.45022176787746,14.565357964078611,6365.543727266843
645,2021,12.8,9.0,28.660715424344833,14.961770135746624,4896.513541499147
646,2021,12.5,8.5,421.3701990408692,16.80409192461889,2403.843345373122
647,2021,11.6,6.0,287.9112601257923,16.280583649977753,3757.6517241678284
648,2021,15.1,5.0,58.185363364676725,15.199608759289664,5694.96833678883
649,2021,9.2,6.4,44.34201150143768,15.263911031187027,5723.044493328832
650,2021,10.8,7.5,290.81775920255683,16.381387100841152,2774.303436527609
651,2021,9.4,6.5,1060.9139264990329,13.908076065508459,2657.009895303947
652,2021,13.7,4.6,172.75759289444795,15.462873344314536,5501.41279110294
653,2021,8.4,3.0,11.821028610623788,13.705878710922361,3747.8631143406787
654,2021,10.6,5.4,168.99117254759307,15.75688916938012,5183.42144360983
655,2021,13.5,6.7,113.15177313652232,17.201894222994582,4796.919800436173
656,2021,7.9,3.4,40.63664354387246,15.021215760820953,4457.620931067622
657,2021,9.8,4.8,219.2292985565966,15.973920961721022,3124.2993682257825
658,2021,7.5,4.5,70.19333839644136,13.38005829588506,2961.6428531682977
659,2021,7.7,6.3,116.47924942819309,15.86200849416384,6406.760589581494
660,2021,9.3,4.6,108.57308246242475,15.587084496598036,3400.4858079818696
661,2021,16.9,6.0,74.27930776270904,14.395223607658028,3004.996846867534
662,2021,9.4,5.4,5.968329333731577,13.269891605697477,3595.4462857409103
663,2022,9.6,5.1,1.2855420483281081,13.50569602626439,4336.932562504856
664,2022,13.6,2.6,100.19342481982427,15.439698354057903,3887.0219632437684
665,2022,16.6,3.2,58.53054674738157,14.929220632650127,5548.330283615545
666,2022,12.7,3.6,64.7850854798669,15.811461381491995,4546.6373573095
667,2022,11.2,5.2,250.54302569666,17.479824280188144,5185.762547572542
668,2022,8.1,4.0,56.347098666563745,15.580228683491253,6787.603130587614
669,2022,10.2,4.8,748.9064436183395,15.103697204826792,3138.0189481841207
670,2022,13.4,6.0,11013.16393442623,13.417720421765125,7935.21315028364
671,2022,9.3,4.6,522.5223191380195,13.833739398487849,4311.6822925463175
672,2022,13.5,3.5,414.8218741258741,16.91761986534639,3391.3194094643954
673,2022,11.7,3.1,189.74624867421278,16.205453934435603,3748.5443800516014
674,2022,8.8,3.2,224.22481706367742,14.180289773401018,5129.093540045938
675,2022,9.4,2.7,57.298404855255384,14.978822917220139,2949.4609777107885
676,2022,8.2,2.7,23.462761516401873,14.477699953161967,2095.116483319263
677,2022,9.5,4.8,226.62569570777572,16.347780322424725,3652.7565658710773
678,2022,10.4,2.9,190.7284374476637,15.737279788646543,3394.5813552597474
679,2022,10.5,2.5,35.924485377756575,14.892950281399584,4399.094360179085
680,2022,17.1,4.0,114.27619915919567,15.322319775473664,3111.776451529261
681,2022,16.9,4.0,106.24574113508008,15.339443086104989,6124.863596486546
682,2022,9.6,4.0,895.1248717948718,15.758842242778828,2462.2262987516137
683,2022,8.6,3.7,635.073658184815,15.634343543019211,3669.3183403464263
684,2022,9.6,3.6,44.91586421554324,14.141456154841105,2530.2813749693214
685,2022,12.1,4.4,177.4724172694954,16.121501145673108,3534.572512787129
686,2022,7.6,2.8,71.79956547402263,15.558986934440453,4214.312500699645
687,2022,11.4,2.9,89.87165051933316,15.636498192255154,5168.164815650222
688,2022,18.4,4.1,62.65705517550029,14.893939526882026,3738.566973361401
689,2022,10.4,2.6,7.714859906833579,13.931395793937499,4255.0898726207115
690,2022,14.2,3.6,220.06197293183595,16.185658313517223,4533.388391577397
691,2022,9.7,2.3,11.293474007623077,13.566101313667263,4269.301299564588
692,2022,7.9,2.1,25.615992398208892,14.492489229812634,4060.473910818665
693,2022,8.3,2.3,155.8394951412934,14.14857055092671,2147.4580194964133
694,2022,8.7,5.1,1259.4097090019038,16.041398067114272,3036.2895619907317
695,2022,20.2,5.4,17.422743985886,14.563782085051173,6748.546379576633
696,2022,12.0,5.4,28.9464661462366,14.97169088027039,5214.2507391971485
697,2022,12.7,5.1,417.543415524339,16.794968672848572,3872.425433946205
698,2022,9.9,4.1,287.7085240204596,16.279879240159676,3858.9465958742294
699,2022,16.9,2.9,58.601938916830676,15.206742708113788,5084.407184437036
700,2022,9.9,3.8,44.17361545193149,15.260106138006895,6212.9596284271
701,2022,10.9,4.5,289.92262476812016,16.378304363122076,3244.9024083241393
702,2022,8.4,3.5,1057.769825918762,13.905108087975535,2742.9886974346596
703,2022,12.9,3.3,175.730481354579,15.479935394927711,5107.773887041957
704,2022,9.1,2.0,12.001213544208625,13.721006453194159,3851.514138998312
705,2022,10.5,3.5,171.00373469140294,15.768728085832223,5226.1421554119015
706,2022,13.5,4.3,114.95365039505114,17.217693187443693,5031.780006721375
707,2022,6.0,2.2,41.143969818668616,15.033622925843929,4031.9746805489826
708,2022,8.3,2.9,219.89412509496074,15.976948935226957,3625.469979740014
709,2022,9.0,2.6,70.20331995226212,13.380200486674429,3564.0987599371933
710,2022,9.0,4.0,117.15700613940051,15.867810321544912,7088.468653004334
711,2022,6.6,2.8,108.80274382362717,15.589197532353465,3066.997095818967
712,2022,15.5,3.8,73.84790747982362,14.389398864353732,2738.1255506558296
713,2022,7.1,3.5,5.987877601886851,13.273161586834357,3475.5177757787064
